$ANSIBLE_VAULT;1.1;AES256
63623338653134353535663766623237353232643231303539363830323666313861626433666336
6330633832343264386663316630366164643465313966310a383364353334626466303966643439
30316636356531663861306432656638643062306631613837333762376238303736313332626466
3634373963373330630a643032343736353463633637383664363961653663386635376532363439
33626134616632623536396366313564326235356130373434653434643634623739313232393765
38636135376162393533376339376532333939323964643432316261623736396462363330353430
66613136316565356230646231633533396235616433626531303361323337656366336666383437
35636566623766653666343764393062383930613061663230386564306465633664306530363536
66363832653736333030656466333338623833643531636662366265323063343934623136393237
63386537323534316664653533636462363131333334383836363463633434383763393938366335
30373131316536666538363533383833353932343466616237646238623239343866373331663264
31616433633362653831326163623933343462323464613937353062616461303234306364333538
38323666613932623939343063653966396337363939326138323561363966383639373437613439
31663638313233653034323566346562343061643863303339363764363439333665363534613765
33383661313135306466343134646162316661316637303932383064343365363836383538366538
32396638643537663635636536393365303662326231353266396465383962336662343131623237
39633838313433646230396538373739363262646433303861353134303564343639383536346336
30613434346464663031643536633262633563656236643134316661626561333630363532643165
32356364316633303162633139613264306137343838363134333736373264353939393130653561
36363235636230336365336464333966653431663035323262623862363035663935333139363865
34383236353733303733626664333538303237336461343631306163376661333965366638643666
64623161333532386532636639663761646566396263323132643239623831383237323365393562
38393035313661303532396364383633316539353532373636396231623162666466383035646238
34633065626330636139343766323635323736656464323533613736653566383234623835646565
38666435653763346138666365353066326163616138376131336637356366336435656635363837
38636265316431303565383361383963313437303766306133386364663530643931316664376237
65316532646665373730363564363862323332333265323466306332353935376337346664393638
30643339336563303035383665613563336665353238373134633639656165333738313263366536
64386233313132346163356138643039373462396636373562643837373430666533336665626266
34636462376364323733613538336238353962316639646561396434646133393237653064373465
33363533306537303534663164393666366534333365386462366339323665623066303032366562
66616134393437613539383436326131333266326630323430383961626234353563316366323137
66393465363535626534663431313530633762336232303036623336633234336439646663313938
35643165633264393138343966373936343065303833313532326138623731653233643866623639
38343230643734363437326335363630376639366365343361366536653165373035623235383230
62663963626462383962666638346635363063326362373535643664633430656564646231623230
35663634366330316435306564386464303736303938633965393135666436666133333161626630
65646565633862346464323136313262653733343036396439333634393430363664363839386262
61663162343434663934336461306565386265366563613736636632306339383137376235343537
65373535373438366535303563363865326538373638343236653936313833653662633135396637
37613466633930346133383866353037366636316434383531316137386134643733333436636138
30313134636336356161303036346461373933346338656337393430636435643839363365613036
35353432643733666339393534656238373465303563373964663239666339653037343166626231
33363938326532353938666633393230333238333630656536393931316130393764313130393536
62646537636537323432663961393861373631396461343039663536316330396663303365666638
35356533663761663339306237643735353430323266626330353739666131316633393566656430
38313162633263646439303535613238613838383730333930316136393730643534363339643237
64663233303466396335643464383262613763303939326530303833663564333361386533653661
32303661656263343362313065363062386431333138666638393336333863646463323737643831
62636434373664643137653531393239376235663739393063643131643435306536633134666364
62393432383138646333663762343031623235326530393430623965356133313163633366666334
34346365333965353031633435353335333066366139313437356339336532646334383936303465
38306165346435356432323836663232653037383132636537353032363335363364646266363230
38636661663234373664313166646637386265323261643638313237336435613232343932323865
39316336343538383035323662366538616365313130396163653139646137643937303265643835
62633532343863616666353162393834373765356362383237376636356166396534356533613061
61313139356265666137623266666462623939623631643066616233313535643039643865613831
34373366316438386434663439613935653862313230346338306235356366353062653033636261
36613863323262343430393436336662393763353366663137643935396537363534303931356635
38633631356435623331613635353433306461383134666637373932666431316236643336373663
37653166656532376461313237363164393136613438303830656166373163306535366635666131
36363963653561366532353961623064346332646238616439643835613164326137393662353063
35643834646430383865633632613239656334303834396439653963653139353530303737323030
61303034623939343639333832663534316533666538373230313936663434366633336362306334
37333434353062653739303661306163356539376531616366656165623230303863303937613266
37373531346564373034633733393864353933323030666366326333326564393263363063613261
37353330616331323232623635663864336430623164613963636136636330623934393632393239
36343938663165366233346265316566613762616430396565323462343530393231373836303938
63623830363063623964386366323035643662346562383463303737333635356137633336306262
37396166393766323336316361663561363561623139393131663037646136383561366230613134
62373438316561353061393931343861306564353437336563623033376138316466666664326265
65303835363664373438366664356433626433646439393466653561636661323137643261646433
34333139326461393332623434336366616265663832316430656462393137633030623436343163
34396633336338623238646264396331616264653361303337373833323731323765623335643032
63633438626365656536623331363035633235323366653730373937346163656666656134333863
31396464353933613439653331323434653832653764653139303834366335336637633136313662
61383235633638386235306431313231393437633739666263383534373364346166356139316634
38383133303764623733346263313930383137646536646230366164376662613137313832393438
31633561663631653762383231653139306135316662656539663231376165306639326234373462
33336538343031383163646238353563313534316163343366356131633830653938336534396565
33376636323233303130666335306265303935623536663134373962656661613866626563383365
30616134633633366335386130636666396633346235653437363864663136633561343164323933
39353937303462616566376638633966346133386261393464613636346164636165303130646336
66656336646533376665323834626533626439643162666539663363653962346339366432313363
33633235336431396634323736383636383530393065363733613061346131346463393936326564
39346634666261316261336433656263616261616337343964396464323635613962343463656637
65343664353034343461326161383036616464623665626238363031356338633532363963316266
31653666323533363339616361656364346562663663336337323839313939396331303066326432
36643963316431396432636537306663666161396237643537303038313936316363336566363933
32623165633961343739623336343266306166623036636131613134653061376661393238313865
31366333316566323934366561656438653734313935623233633837333934653333626364383031
66623839656264353638636337333865373366373933353234616232313935323462376235663262
61336665313265343836656363656234373662393436376566663436396566316634303335306135
38336164393737323039326130383762386633636533356665363435633662623037656431623261
61626163303862666365326132393034393665326632313435336238656131303635373632326431
65396537613031346162383836666139376663666234383061373162383639343638323531613433
36643435333666343766333561666630396633396361313430643534633236393936656365666335
66643064666330353365323863316336613037633032643634306136356662623565396137353737
63333365333965653561353939393433316334313264313834313035613237373063396635366631
66303264376438356131613335623734636330363632366634353564333832326234656463666437
36326136313430396265666533393066616335326530363032353763306332636466343364613433
64306332643237626132623765313262636133346337336565656562633639333037656230653132
38376231613138386138613261623661623636343835623734353334613539636435376534656533
65643238396166323737656162376531383037316333623361393732326362373764316637383832
37663332323965336363333337646139663535393163333163333263313737363030313363343064
32356366393933333137633361636539396465313332323531633035393835383730333733653737
33353061386533653631306639626538366537656532633036323338646563363664313561353133
36626236643439323765333864326363656432306635353864663937323065373638643563643132
36326632356163643936353965316662346230666232313031663665336262643631613233323262
62346136613466323765383961306434373263616166353436353030643261356334366566383039
64343533643238656333636432636366356636363435323630623337356639623266343366653430
31366235633864643839643663363562353932323861363563656537653432316564643730613562
38623733313230653830313261373637306562613862363462333638616339656536393138346161
35316565613865666665306231316638303730613634636166643931396264656461376235393032
34616466653939373234386538663761356135333266323862373761643663303866313764613838
33663365633131383664363130393965616465323131316362383939363061626436323633666237
30366630326662663130663366346334373563616532316163383234613432613736396536323730
66613666643037323237303263303830346639386661356662626465376139323063306666653235
32383238383961306266393662343636336431323838333736376262346132326466616466376236
35393061343731333736396166613637663933653630343233333661376563636436653436653062
31646532616461313630613262656163343835363435306634386439333162656235643034323230
38393765303964306564666539323865353433356131353639653366333366343666613265643664
61343730616633333131356139323863343739623731393162656363343533353233623566643837
39313436356464373930326161346334386131613431633636343433353037373963373931663034
36316330613933366233613138373864363332356137633032323033643635643134366439363265
32666230636434343235366561663735663437373635303931343962373532333234343333363636
66333934393763613630376138313432366430326138336462383761663431663962393939663630
37373535666633376263303133343862363931623237653331346463373232613134633039393363
35623262353830303036653331393236376630373636333663666630316633643630356562326636
37303066366234373831306230343461383333623333323431356263313365303339373633333635
65306338313862636662653761396236353032623966306566306535303533396437613062383735
64346333663839323732313432393761653331636630613234613239633833303666323032396431
30396163626536643838393731636136666165353561326132313036653739306161646532323231
62373333373265333462313531643436363165626565336532653961313762353663633664643863
656366643230656634343165626138656362
